
数据一
16 35 10
274 165
458 170
537 163
232 302
363 277
470 251
594 267
855 159
933 154
360 337
737 356
173 475
301 448
386 535
501 496
602 563
1 2
1 3
1 4
1 5
2 3
2 6
3 6
3 7
4 12
4 5
4 10
5 10
5 6
5 11
5 12
5 13
5 14
5 15
6 7
6 15
7 8
7 11
7 16
8 9
8 11
9 11
10 14
10 15
11 16
12 13
13 14
13 15
13 16
14 15
15 16
7 3
5 6
6 2
8 6
10 1
13 5
9 13
12 14
7 12
5 12

数据二
16 31 20
155 78
271 64
290 107
156 208
292 244
340 205
239 367
318 352
445 295
469 375
458 415
387 472
498 472
348 509
298 525
445 634
1 4
1 2
1 3
2 3
3 6
4 5
4 6
5 8
5 6
5 9
6 8
6 9
7 8
8 9
8 10
8 11
8 12
8 14
8 15
8 16
9 10
10 11
11 12
11 13
11 16
12 13
12 14
12 16
14 15
14 16
15 16
2 13
4 9
11 5
7 2
3 9
9 9
8 14
4 13
11 4
11 15
5 11
10 16
5 11
15 8
12 10
16 9
9 14
9 4
9 2
6 12

数据三
11 19 12
279 108
354 127
288 187
336 217
446 242
524 225
138 361
231 344
262 420
431 399
350 486
1 2
1 3
2 3
2 4
2 5
3 4
3 8
3 9
3 10
4 5
4 10
5 6
7 8
7 9
7 11
8 9
8 11
9 11
10 11
6 2
10 5
2 7
5 9
11 1
5 4
6 1
8 5
5 9
8 3
8 9
2 7